LE 10 9 6 4 LI 4.11 10.10 6.88 4.99 9.30 9.20 6.15 4.33
LE 8 9 8 4 LI 4.11 10.10 6.88 6.44 4.99 9.30 4.99 9.20 6.15 4.33
LE 28 29 42 11 79 49 70 LI 11.65 48.09
LE 55 63 12 43 68 4 82 70 33 100 LI 3.79 4.70 33.82 43.67 55.96 63.55 63.85 68.19 82.75 99.86
LE 62 76 2 17 94 31 53 85 15 LI 2.29 14.96 15.01 15.42 15.95 30.44 31.53 52.05 52.53 61.21 62.32 75.02 75.27 76.71 76.92 84.22 84.40 93.60
LE 25 28 69 94 23 5 35 42 87 LI 25.04 94.02
LE 63 59 4 LI 3.18 3.30 3.54 3.59 3.67 3.68 3.92 4.59 4.85 4.87 4.87 4.94 58.19 58.37 58.77 59.02 59.32 59.52 62.02 62.56 63.90
LE 52 54 16 91 83 39 61 66 53 21 LI 15.57 20.64 52.03 53.17 60.98 65.17 83.49
LE 94 19 47 31 LI 18.45 46.56 93.09
LE 56 31 LI 30.04 30.33 30.68 30.77 30.95 31.11 31.18 31.22 31.34 31.64 55.14 55.46 55.47 55.54 55.71 55.92 56.08 56.12 56.13 56.32 56.47 56.60 56.86 56.92
LE 93 36 LI 35.44 35.46 35.49 35.51 35.75 35.77 35.92 35.97 36.00 36.32 36.35 36.71 36.91 92.03 92.08 92.11 92.27 92.53 92.71 92.89 92.98 93.23 93.41 93.43 93.50 93.57 93.77