5 8 1 4 6 9 11 15
5 6 7 6 5 4
5 0 5 5
8
26 41 9 79 68 20 29 34 39 60 62 9 31 40 14 31 82 32 62 31 79 68 48 40 84 60 82 32 29 60 29 89 6 26 37 76 20 39 71 6 50 70 2 2 70 91 62 20 26 4 47 51 28 92 89 37 6 85 45 9 45 92 51 34 60 80 27 62 62 7 63 48 92 51 4 85 27 86 30 40
76 1 21 73 24 62 65 39 84 39 65 84 68 21 64 62 87 58 91 35 92 92 39 65 22 20 73 28 60 52 1 52 79 52 21 60 41 69 44 91 48 41 22 65 24 20 22 60 28 83 51 99 35 35 12 92 83 5 18 65 21 52 76 87 8 18 1 25 94 48
46 10 56 37 14 46 45 68 31 16 68 92 10 37 1 1 14 19 72 10 19 78 72 56 14 16 31 46 46
21 19 52 92 3 6 50 28 64 28 97 72 5 79 28 99 21 66 72 49 50 50 49 45 78 78 1 58 50 7 97 35 3 71 35 63 52 42 34 86 39 20 54 2 3 27 78 21 49 34 89 47 94 63 1 6 19 97 78 37 49 78 99 22 98 99 70 79 64 69 41 34 28 99 5 70 89 5 98 19 46 35 34 79 40 58
27 54 41 68 52 79 22 31 37 56 44 94 47 80 89 31 36 90 48 48 21 38 22 45 82 74 19 15 1 65 60 98 49 15 44 54 47 2 43 56 66 27 52 48 80 98 37 86 90 21 78 21 60 28 2 41 67 56 86 19 31 67 38 65 82 68 83 22 44 49 57 56 15 65 66 21 94 48
93 4 35 94 98 53 25 76 93 25 94 13 76 27 4 24 93 98 35 1 4 73 31 76 23 23 37 37 27 31 23 73 13
5 40 38 93 78 37 36 5 78 61 34 83 36 34 83 76 32 55 42 66 36 86 86 76 78 40 61 36 5 40 34 86