15 2 5 19 2 22 4 9 0 3 4 5
0 2 4 5 1
4
22 32 22 22 98 31 22 32 98 33 98
56 70 25 82 37 16 16 98 34 44 14 2 75 97 34 81 65 61 37 60 90 70 60 60 53 67 61 14 66 49 46 82 22 51 18 44 3 17 3 75 75 62 25 72 3 75 17 42 65 81 3 3 39 70 75 82 24 67 98 5 66 44 46 5 51 39 24 25
36 18 23 7 93 32 12 71 28 4 71 22 18 59 48 66 56 57 33 43 12 70 31 57 11 92 60 28 66 98 27 60 65 65 78 85 59 70 76 57 54 32 99 57 60 68 30 36 39 98 57 36 73 55 76 93 44 55 99 40 40 76 23 85 71 24 18 43 59 91 56 70 43 4 77 91 27 33 93 81 66 61 68 36 57 32 31 44 13
16 66 62 62 62 29 25 32 3 70 16 67 31 37 55 34 75 46 82 62 84 75 38 97 76 29 29 75 53 51 49 81 77 48 77 9 9 34 34 97 97 77 38 86 6 6 70 28 30 84 51 26 28 51 15 73 31 26 48 41 26 54 2 45 67 15 16 55 48 32 6 49 30 58 62 28 76 96 48 8 96 15 31
75 11 28 21 66 15 10 66 82 11 11 78 13 28 80 82 90 98 49 90 21 80 72 80 21 49 98 78 72 75 78 10 28 22 94 90 37
64 17 14 10 20 20 58 18 56 17 18 56 38 68 38 10 10 75 17 75 42 3 36 68 58 84 64 14 20 58 42
75 30 20 28 84 84 97 24 46 91 24 55 71 88 34 39 80 1 16 84 44 27 71 65 88 27 97 40 17 27 24 28 51 84 88 65 19 70 40 39 91 84 44 18 20 20 17 50 46 50 84 22 97 22 88 26 55 88 34
49 83 10 83 71 26 71 31 26 49 10 10 67 26 67 71 10 21 54 31 51 33 51 21 39